2 0.8391393903416298 0.710279023489979 0.3217212193167406 0.3975021034569899
2 0.40293529349765966 0.194770313077773 0.20083295332662612 0.17946567422121246
2 0.4583921146384672 0.13527564113273383 0.12454635524692707 0.10740698620994645
2 0.10640643927649687 0.49984322413575255 0.18505406821223902 0.32843855172849495
2 0.749607363649884 0.12210908524760378 0.10728656522789884 0.11470801501044128
2 0.0518967169196447 0.2370537191211876 0.08848152125453826 0.10323631175762475
6 0.5846071047526354 0.08467258438967395 0.034831268535934615 0.08879990713245363
2 0.622398923421985 0.023302141528445224 0.044797846843970035 0.04660428305689045
4 0.08394248475132289 0.7163775062682062 0.1252280820524035 0.3922449874635877
4 0.14905555980928206 0.27959290861720404 0.14704807288941862 0.152150010622697
6 0.9578257233454354 0.24119875138665522 0.0638230667107738 0.12046627002500623
6 0.34452593281352517 0.06662859270294416 0.04354638809872711 0.06330280779884538