2 0.24375 0.6900483442241668 0.451171875 0.5491730169533859
2 0.1078125 0.32282186379145844 0.209375 0.17323263221819457
2 0.24453125 0.23459777801975715 0.17265625 0.12042486882545153
2 0.37421875 0.4227725380877434 0.2328125 0.23666877108590292
2 0.6515625 0.2940715355222922 0.226171875 0.17948295882338564
2 0.8234375 0.25197822055215346 0.1640625 0.1866310970739585
2 0.56875 0.16480030318972272 0.197265625 0.1331070333865453
6 0.628125 0.10758852165458385 0.021484375 0.07042192937873266
2 0.67578125 0.10713523318559084 0.046875 0.09991915273541671
2 0.73828125 0.1476524368328131 0.080078125 0.08623883904800352
3 0.0734375 0.16967802678548619 0.13125 0.13938300265916678
4 0.9703125 0.33430302412312585 0.059375 0.17169446846486122
6 0.26875 0.10469272568305579 0.046875 0.07374727773541671
6 0.48671875 0.035547254652743464 0.030078125 0.049137576130225714
6 0.58125 0.09009124391916715 0.021875 0.04230602127652781