5 0.6744996140148452 0.5434000415062159 0.6385436067556952 0.6410004336986811
4 0.29707226214070087 0.26881043028020857 0.157329255608132 0.18830237324230917
2 0.1572883481132205 0.23663109707395846 0.16414455110167428 0.1810441524026217
4 0.1038882149645525 0.16424629758704873 0.07788814502500621 0.06075729507005212
4 0.5719682767221773 0.09070883975885465 0.05916806301126591 0.07476491707809033
2 0.7012776920032989 0.13358928362243114 0.08013979255729495 0.09789394576343757
2 0.6383290626155546 0.09381696238402833 0.04992226939818565 0.06557142842880212
2 0.9723821506996453 0.2470030458746189 0.044960810503983595 0.09629442496187506
1 0.6349372896543011 0.049176609610486643 0.05825042069139794 0.07005923328250005
6 0.3997282492085772 0.3141976250937156 0.13018408240945165 0.1408273079878299
6 0.42701582640560815 0.20929257275701424 0.09893107657021041 0.11316501495980909