5 0.30774807884809136 0.46966410196834874 0.5862500629225086 0.47089383347429054
2 0.8108755349312083 0.29372130902830407 0.21937006465178896 0.18678543642459786
2 0.31292661905195923 0.23771012002052547 0.2920473900609425 0.14307660348087975
2 0.19162204872620642 0.1862334575509347 0.1743898921491181 0.08420079190898803
4 0.5370163942797027 0.19058617690753024 0.13498514096799177 0.16364285221383837
2 0.5776562632468438 0.10177820696175952 0.05252853307470069 0.08388236890077785
4 0.7538938702330855 0.1606042819991369 0.08721231252120454 0.08174087939029935
6 0.9244370379264332 0.257670700420656 0.05607640176776485 0.09600992461893706
6 0.4645610409216581 0.21828393003078822 0.08792288525161904 0.1356403116209897
6 0.4217956436467305 0.06728451141287736 0.033036961251335484 0.05135368218159235
2 0.22684029691210789 0.14347833098930574 0.13249753067003905 0.08122324980360825