5 0.2781008119914662 0.4713595687062254 0.5562016239829324 0.4560682937420193
2 0.7856321263009959 0.29838043344204046 0.22590349898191758 0.19118544436265772
2 0.2923225395754075 0.23948286004136174 0.2851927501693422 0.11574991337124825
2 0.1754526221171244 0.18731073802513523 0.1794202453638729 0.09382863902370345
4 0.5206422913844297 0.1936725627386785 0.1426848852325362 0.1675746743515219
2 0.5690598592268257 0.10511914007795095 0.051564700644311935 0.0825812353397497
4 0.7402487844870248 0.16495885876826805 0.0903184627994417 0.08459372334499946
6 0.902400224446545 0.26299801145763063 0.052980576096567235 0.09469970100652247
6 0.4457308225920942 0.2209430400620426 0.07988445245333438 0.13131872734324954
6 0.4161329330621153 0.06972543805695193 0.03796088506319393 0.05392470500477251
2 0.21442326888319257 0.14476924936345315 0.12773989767057933 0.06863291601686283