6 0.4914294813932594 0.7649575499284124 0.2543237427612897 0.28015276603277106
2 0.6958410771310864 0.24879510590391352 0.2487233290933027 0.21020361903245305
2 0.298606512201109 0.19407452729154737 0.21235666273697368 0.1754240843610669
4 0.23610220409555716 0.2619529179662743 0.1730062953877142 0.21908290402211258
2 0.5797003085198366 0.07680302192077637 0.06342254900706941 0.07921106100811329
2 0.6231078602152478 0.037106911958956434 0.04440927956950454 0.07421382391791287
6 0.6564425909848254 0.10558145524350412 0.03371577832890491 0.06168720633752254
6 0.6583518473949661 0.0813536145767314 0.015364961641599173 0.05327499600174992
2 0.6767936323411542 0.0709882792409588 0.03407001602535189 0.060910501670908904
6 0.426630966501554 0.060625133275002685 0.04341718703449331 0.05203976000556791
6 0.6911621933421902 0.11454737523873162 0.02916419220403448 0.056168457670272565
6 0.7302610806457432 0.1133115919000955 0.03225388192686936 0.07221135467059074
6 0.46852952212590654 0.033893962135990045 0.039957220016210646 0.06778792427198009