6 0.5632580186067406 0.783367812023438 0.25027194354707805 0.27974662385944454
2 0.7197839228689136 0.27350576880479227 0.23883890684356146 0.20183041090354187
2 0.31701848779889097 0.20482066546256972 0.21395555004052663 0.17861955513803834
4 0.26077279590444286 0.2706261969977085 0.16817324617350246 0.21774471860703137
2 0.5874871914801634 0.09717704530593799 0.05862588709641052 0.07745383258911462
2 0.6268921397847522 0.05517203647222274 0.04440927956950454 0.08219555737069448
6 0.6669949090151747 0.12868292486496583 0.03289814102535189 0.06124695113022573
6 0.6666481526050339 0.10448235866055611 0.014583711641599172 0.05340684883164933
2 0.6841438676588458 0.09474433595913252 0.039647927936010775 0.06374526339274307
6 0.4327440334984461 0.07562608757465314 0.04423482433804615 0.053316583064079895
6 0.7025878066578098 0.13887619566652837 0.028382942204034478 0.056459440254479173
6 0.7416139193542568 0.1390041354460423 0.03225388192686936 0.07254780043684032
6 0.47209547787409345 0.049227894945347614 0.04151972001621065 0.07042225598392364