2 0.24375 0.684375 0.40390625 0.50234375
2 0.1078125 0.3203125 0.19375 0.14609375
2 0.24453125 0.22890625 0.171875 0.115625
2 0.37421875 0.4140625 0.2328125 0.23125
2 0.6515625 0.27890625 0.22265625 0.16875
2 0.8234375 0.2328125 0.1578125 0.178125
2 0.56875 0.1515625 0.19296875 0.12265625
6 0.628125 0.09296875 0.01953125 0.06953125
2 0.67578125 0.09140625 0.046875 0.09921875
2 0.73828125 0.13046875 0.07578125 0.08125
3 0.0734375 0.16796875 0.1265625 0.13203125
4 0.975 0.3125 0.04921875 0.16640625
6 0.26875 0.0984375 0.0453125 0.071875
6 0.48671875 0.02421875 0.02890625 0.0484375
6 0.58125 0.0765625 0.0171875 0.04140625