2 0.7783212770142309 0.7152638308346173 0.38183788908136795 0.4208281783803475
2 0.3825185554593159 0.1970671832269094 0.2121418616693525 0.18633204426229186
2 0.44369825014117426 0.1379090823532288 0.13472288147120898 0.11626339247680569
2 0.08323118700111215 0.5001798783247569 0.1664623740022243 0.3402652433504862
2 0.7353775159261898 0.12643902659805492 0.11415626436371688 0.11812527189366326
2 0.035900431668853136 0.23729932503812495 0.07180086333770627 0.10032861474138892
6 0.5745534079913298 0.08805193987642312 0.04032079859987743 0.08949014580156253
2 0.6192281421357271 0.025030488697742805 0.042793715728545935 0.05006097739548561
4 0.03002361603912936 0.7161328398557638 0.06004723207825872 0.3864843202884723
4 0.12098254500655939 0.280393401976111 0.14881162091257177 0.150529616308455
6 0.931222094992442 0.24671123974458253 0.057125014363716885 0.11679785481557295
6 0.3369469921780794 0.06861618132704832 0.04463308415145599 0.06306402426848963