5 0.6902988306810902 0.5072940789793977 0.6194023386378195 0.6477822144358271
4 0.30773287336886196 0.25285324920857716 0.16671215569302156 0.1989257222220372
2 0.16677151869827128 0.22803876880461846 0.16183829702418073 0.18277370490216915
4 0.11047551802195352 0.15855899458972367 0.07764856100811325 0.062004732251167025
4 0.5751187260104995 0.06063569081616469 0.05788577267663584 0.07509693989172786
2 0.7060511000159083 0.0966831879131708 0.07374713001272681 0.09586408095795469
2 0.641543157344045 0.06026596628470073 0.0487968550087496 0.06585114627864744
2 0.9815050860120904 0.19647127309426757 0.03698982797581927 0.09488660266556703
1 0.6371187393379998 0.02550949920857718 0.05548747867599957 0.05101899841715436
6 0.4121391100413617 0.29279863611816886 0.12619569635184008 0.13995388750315882
6 0.4351306200270442 0.18662519246551734 0.09857468101527207 0.11533014063726191