6 0.52734375 0.77109375 0.21875 0.259375
2 0.7078125 0.25703125 0.228125 0.19453125
2 0.3078125 0.19765625 0.19140625 0.15546875
4 0.2484375 0.26484375 0.14609375 0.20625
2 0.58359375 0.08359375 0.05234375 0.07421875
2 0.62578125 0.040625 0.03515625 0.08125
6 0.66171875 0.11328125 0.02890625 0.06015625
6 0.6625 0.0890625 0.01171875 0.053125
2 0.68046875 0.07890625 0.0296875 0.06015625
6 0.4296875 0.065625 0.03671875 0.0484375
6 0.696875 0.12265625 0.0234375 0.05546875
6 0.7359375 0.121875 0.0296875 0.071875
6 0.4703125 0.03828125 0.03125 0.0671875