2 0.23976842272312746 0.6900483442241668 0.4103648787520262 0.5153422244003302
2 0.10594897638867837 0.32282186379145844 0.20168801331819183 0.16053261046670161
2 0.24319951239483598 0.23459777801975717 0.17806643354682963 0.12834647159899323
2 0.3718098048439013 0.4227725380877434 0.24673514119596013 0.2502409618153475
2 0.6499398709042883 0.2940715355222922 0.2240377241396784 0.1755039736410245
2 0.822083036497137 0.25197822055215346 0.16983629791001426 0.19064644984750015
2 0.5678682351692771 0.1648003031897227 0.20433602990693558 0.14575250375126755
6 0.6275841236347628 0.10758852165458385 0.02502071374835264 0.07127591456109376
2 0.6752494639938423 0.10713523318559084 0.052932350750405276 0.10239018930454864
2 0.737522205016852 0.1476524368328131 0.08057354956983911 0.08702008904800351
3 0.0724602863989411 0.16967802678548619 0.13125733865015682 0.13858356886357645
4 0.9700614733636161 0.3343393917143064 0.05722266842151882 0.1684967332825001
6 0.26817730737798406 0.10469272568305579 0.047297701697202224 0.07374727773541671
6 0.485796599434266 0.03552907085715319 0.03465680113146803 0.04923758700597225
6 0.5808045724050988 0.09009124391916715 0.019769871925839944 0.041470219889756965